0.0006027521807264632
0.0015075988546675537
0.0029344369469636246
0.005368157907931168
0.009316114279458717
0.015939186767033188
0.025064990848687404
0.03804054716258557
0.054069148242138494
0.07050134413549193
0.09438126102726051
0.11719502077015485
0.13078755304310788
0.15732449766057097
0.18562878181322198
0.21952147058153357
0.24536895224837965
0.2781358437316279
0.32946951607792707
0.3504324701688003
0.3484299866110814
0.4052080297903275
0.4556336727034585
0.4616715160622513
0.4951481079108108
0.4974811536564229
0.5339192372800917
0.5561852375048227
0.5685493954945481
0.5800340619511943
0.6286089395245651
0.6275465315304746
0.6742250623679952
0.6701689292881929
0.6649176653912094
0.6216816523288888
0.6194813973760191
0.6279975951816272
0.6425171846362668
0.687110466300188
0.6702280616710913
0.6978075452373511
0.6672787001712208
0.6632968658657724
0.6676410294426843
0.685881219626729
0.7018094288981688
0.7420656867181188
0.7412686517020302
0.693805716304564
0.7033894820693134
0.698238955531743
0.6703285574935038
0.681521353823823
0.7430865840925536
0.7088456510024824
0.7142366864104743
0.716097871401156
0.7256988971628121
0.725052843544437
0.7307069762613123
0.7384908121656011
0.7594770797982606
0.7432696584785713
0.7733397109020161
0.7467704275201646
0.7641485987534473
0.7758454323741998
0.7220355567139527
0.6965477253455561
0.7001348713053274
0.6679069649696118
0.6883247699257694
0.7220627554351574
0.7288941276749423
0.6707063878411151
0.6974604223935685
0.7341149388548193
0.7242485864704692
0.721886544829399
0.7297088922607929
0.7431254523757671
0.743666929009419
0.7532334450870991
0.7365211707813569
0.8013431382021464
0.7930821292608046
0.8298166642139752
0.7668024103440516
0.7564265610192419
0.7715144541229698
0.768354549959593
0.7785858622581039
0.7599951009441896
0.7474171598763059
0.726921632482915
0.7660787021037728
0.7758960091727981
0.7860084298489011
0.7770826624034364
