53.07939899445787
47.33978584717274
44.41651324524184
42.0756270399224
39.72163844765303
40.00722268048739
38.18529734401617
39.559697785941914
38.47859773300606
36.64305926059157
33.54399603250097
29.35811833305557
28.143110114723104
28.62184382388315
27.005803655252336
26.210829703109177
27.549230277332345
24.647035272459338
21.40764294870691
20.293104580451498
15.568610315232103
15.805823164770635
14.241664792010505
11.847567841421293
11.81083780726719
11.030401401966241
10.028801469658951
9.037176204150052
8.134427368773956
8.410069591461424
5.678259435079826
4.438723469932688
3.6261338096516424
3.914371319707885
1.7046650324753247
2.192184913368876
2.233747403248599
1.7492797449602795
1.223430348271595
0.7771857543883156
1.0197255299063042
2.0532220672951937
0.8986432917819678
1.2653961124725677
1.0683631747547788
1.0465544938513864
0.8172066174114058
0.7523065156818832
0.8246448219174068
0.8905026862936759
0.4578244561849995
0.48956733413409703
0.579801473720272
0.5500692385753662
0.44764283170417335
0.8819524535182844
0.32487475676864214
0.2330056307974577
0.19064495102245982
0.2353663105724556
0.2529126786466034
0.28980831287855663
0.2784254586827827
0.2065685424949238
0.16656854249492384
0.15650281539872885
0.15478708664619076
0.18128990204491963
0.2626240552495637
0.30485281374238576
0.2854320376686506
0.3478584445398434
0.33607698869111036
0.25307135789365265
0.23892922226992172
0.38705481427033434
0.33365058181991747
0.22886349517372676
0.23714776642118862
0.24950844619618656
0.2571477664211887
0.23128990204491962
0.19892922226992168
0.25779271744364846
0.18
0.12414213562373096
0.11
0.09414213562373096
0.18828427124746192
0.1965685424949238
0.19242640687119286
0.18478708664619073
0.19128990204491958
0.23950844619618658
0.2122677276241436
0.16
0.14
0.12
0.15650281539872885
0.17650281539872886
